aaaammdd	v25C	v3K	3KRL 	v3KPD	v3K4	v3K4-1	v3KS24	3KSN8	vP100	vP80	vPEBD	vPPCE	vPPE	vPPH	vPPIBO	vPPR	vPVC	vPVC5C	vPVCC	vPVCR	PVCBR	vTotalTon	vTotalCCarga	vTotal3K	vTotalPressao	vTotalPVC	vTotalPP	vTotalPE
01/01/2010	459,442127	132,744593	0	18,19377	0	0	35,978886	0	129,069442	18,3999	0,2525	397,957302	1,004217	0	9,787134	1,01388	73,75368	222,021048	0	0,025956	0	1499,644435	459,442127	186,917249	295,800684	942,16006	408,748653	147,721842
01/02/2010	563,345464	169,410847	0	19,864719	0	0,30087	32,158902	0	154,24097	28,336	0,198	413,25075	0,243126	0	13,657956	4,75334	90,19199	253,92027	0	0	0	1743,873204	563,345464	221,735338	344,11226	1129,193062	427,151832	182,77497
01/03/2010	680,088784	172,071998	0	24,302634	0	0	42,74046	0	258,444346	42,894038	3,6537	419,116218	0,803793	0	17,62725	6,4172	125,687417	340,429176	0	4,300124	0	2138,577138	680,088784	239,115092	470,416717	1389,620593	437,547261	304,992084
01/04/2010	604,686057	153,502357	0	17,615817	0	5,61624	24,27384	0	219,753352	44,0122	0,5924	397,754526	0,2046972	0	13,507128	10,514576	113,932482	314,963226	0	1,927589	0	1922,856487	604,686057	201,008254	430,823297	1236,517608	411,4663512	264,357952
01/05/2010	695,443723	194,21646	0	27,971709	0	6,699372	60,616632	0	420,4357617	49,303278	3,097	476,424204	0,780177	0	25,46637	2,818716	122,929397	220,552842	0	3,708185	0	2310,463827	695,443723	289,504173	347,190424	1332,13832	502,670751	472,8360397
01/06/2010	499,795648	150,856552	0	16,17465	0	0	35,530692	0	208,709824	44,93985	1,8345	325,356498	0,360675	0	12,962226	5,053239	84,735834	140,325306	0	0	0	1526,635494	499,795648	202,561894	225,06114	927,418682	338,679399	255,484174
01/07/2010	503,3943896	150,934607	0	12,701288	0	0	24,972582	0	174,456446	36,0593	0,8378	391,313244	0,782448	0	12,739374	7,15064	81,107636	168,480234	0	0,5400034	0	1565,469992	503,3943896	188,608477	250,1278734	942,13074	404,835066	211,353546
01/08/2010	352,028266	93,980521	0	11,118261	0	0	18,27771	0	130,319476	32,1566	0,3304	241,67418	1,037565	0	9,124257	4,2019	64,78708	77,894148	0	0	0	1036,930364	352,028266	123,376492	142,681228	618,085986	251,836002	162,806476
01/09/2010	586,05814	162,756997	0	15,709044	0	12,63654	41,56269	0	155,5205708	42,02255	0,455	339,213006	0,398184	0	13,401327	5,42344	103,759562	162,4344012	0	0	0	1641,351452	586,05814	232,665271	266,1939632	1084,917374	353,012517	197,9981208
01/10/2010	584,29082	166,494106	0	13,7064975	0	20,94381	38,605512	0	154,1945881	33,0006	0,22	322,006488	1,614789	0	12,900372	2,845104	103,7553064	274,166802	0	3,708	0	1732,452795	584,29082	239,7499255	381,6301084	1205,670854	336,521649	187,4151881
01/11/2010	462,3024812	140,67163	0	16,497255	0	4,81392	29,202426	0	380,559064	68,85717	0,601	402,870696	0,33003	0	16,759128	1,76118	97,38657	183,411185	0	0	0	1806,023735	462,3024812	191,185231	280,797755	934,2854672	419,959854	450,017234
01/12/2010	421,8011614	77,998145	0	6,704562	0	9,81162	22,261716	0	376,4383016	36,080816	0	250,543314	0,286785	10,08	10,624434	3,82106	52,0709164	169,5099944	0,000204	0	0	1448,03303	421,8011614	116,776043	221,5811148	760,1583192	261,454533	412,5191176
01/01/2011	393,688603	128,01509	0	13,8067965	0	5,91711	21,595578	0	224,1108399	66,345616	4,77	438,981072	1,371285	18,144	9,66981	2,537556	82,520912	106,347654	0	3,708	0	1521,529922	393,688603	169,3345745	192,576566	755,5997435	450,022167	295,2264559
01/02/2011	351,368866	123,820696	0	16,2812145	0	0,69363	20,74173	0	180,465724	72,965866	0,745	270,084474	1,326359	18,6624	12,175224	1,19674	113,016954	140,25288	0	0,03717	0	1323,834928	351,368866	161,5372705	253,307004	766,2131405	283,586057	254,17659
01/03/2011	409,670165	113,853297	0	9,749223	0	5,50755	11,75154	0	311,028655	56,983926	1,069	356,761278	0,364248	0	17,703066	2,60676	133,188934	257,951556	0	4,6314108	0	1692,820609	409,670165	140,86161	395,7719008	946,3036758	374,828592	369,081581
01/04/2011	350,3631384	113,082281	0	10,205824	0	2,70783	15,582438	0	283,8521605	66,191294	1,569	263,192868	0,375399	0	8,089974	2,91502	122,188394	215,483166	0	3,81597	0	1459,614757	350,3631384	141,578373	341,48753	833,4290414	271,658241	351,6124545
01/05/2011	348,8076168	154,172199	0	16,463928	0	1,50435	25,512642	0	243,422132	66,400734	0,5355	268,517994	1,973529	0	14,711634	1,26814	137,1340102	154,1996042	0	0	0	1434,624013	348,8076168	197,653119	291,3336144	837,7943502	285,203157	310,358366
01/06/2011	318,6618188	104,30509	0	11,481372	0	3,58524	19,05069	0	351,4383888	77,29158	1,329	220,74903	1,601127	0	10,041402	0,10464	104,843707	182,305146	0	2,55016	0	1409,338392	318,6618188	138,422392	289,699013	746,7832238	232,391559	430,0589688
01/07/2011	293,256515	129,528481	0	16,065327	0	6,650856	24,190662	0	643,972799	68,547936	0,0275	213,144204	1,319718	0	13,887564	0,61588	97,31058	262,254708	0	0,4366	0	1771,20933	293,256515	176,435326	360,001888	829,693729	228,351486	712,548235
01/08/2011	220,142873	81,186861	0	6,758868	0	3,269454	18,92814	0	659,66093	42,452168	0,318	243,410442	1,421247	0	11,38872	0,4702	62,31509	191,116962	0	1,22364	0	1544,063595	220,142873	110,143323	254,655692	584,941888	256,220409	702,431098
01/09/2011	360,9349936	91,909641	0	15,391424	0	4,60494	23,296572	0	654,3020119	55,782902	0,3245	269,047398	1,649412	0	10,279176	0,878368	93,329738	241,597188	0	0,29664	0	1823,624904	360,9349936	135,202577	335,223566	831,3611366	280,975986	710,4094139
01/10/2011	351,3556164	110,620081	0	14,131467	0	0,39276	28,038438	0	392,3084283	66,844278	1,54	301,410576	1,724307	0	10,770342	0,673492	71,693005	167,981538	0	7,416	0	1526,900329	351,3556164	153,182746	247,090543	751,6289054	313,905225	460,6927063
01/11/2011	308,343597	130,720335	0	16,469367	0	3,61044	27,475314	0	512,4832509	50,23334	0	270,650502	1,713105	0	19,63449	1,68622	78,185225	116,06319	0	0	0	1537,268376	308,343597	178,275456	194,248415	680,867468	291,998097	562,7165909
01/12/2011	196,779801	79,374049	0	11,911304	0	4,91421	19,226646	0	371,5206	56,418764	0,21	291,733296	0,751581	0	12,943422	0,3608	58,144655	155,072208	0	0	0	1259,361336	196,779801	115,426209	213,216863	525,422873	305,428299	428,149364
01/01/2012	347,1816738	109,352696	0	16,946472	0	8,765346	25,069878	0	310,935765	146,16637	0,099	322,198854	0,562389	0	16,060506	1,238336	87,371245	295,944156	0	0	0	1687,892687	347,1816738	160,134392	383,315401	890,6314668	338,821749	457,201135
01/02/2012	411,840881	101,704226	0	15,602853	0	16,21287	24,705414	0	274,994631	146,880128	1,5635	417,89559	0,73623	0	19,403676	3,861388	145,080932	208,766626	0	0,14832	0	1789,397265	411,840881	158,225363	353,995878	924,062122	438,035496	423,438259
01/03/2012	405,51497	119,729251	0	13,402012	0	28,992828	29,751282	0	178,3441985	147,547003	1,1165	293,833878	0,239826	0	20,1723	17,178052	114,38785	320,748282	0	6,242289	0	1697,200522	405,51497	191,875373	441,378421	1038,768764	314,246004	327,0077015
01/04/2012	253,028474	67,0057	0	11,669106	0	67,519554	26,766756	0	297,7891543	82,7666425	0,264	163,835938	1,033641	0	12,199458	2,052	103,612572	194,042856	0	0	0	1283,585852	253,028474	172,961116	297,655428	723,645018	177,069037	380,8197968
01/05/2012	292,5542569	64,620937	0	20,327387	0	21,072558	35,786358	0	256,8295108	42,417382	1,1904	184,969476	1,326036	0	10,262616	8,70194	114,818278	125,733528	0	1,854	0	1182,464664	292,5542569	141,80724	242,405806	676,7673029	196,558128	300,4372928
01/06/2012	249,025704	75,212475	0	14,546571	0	7,52298	25,636518	0	432,1247265	33,12741	0,0275	168,058518	1,331583	0	8,653704	0,073348	89,580424	151,589076	0	3,708	0	1260,218538	249,025704	122,918544	244,8775	616,821748	178,043805	465,2796365
01/07/2012	273,118737	91,42328	0	13,247436	0	2,996346	22,2867	0	270,702329	61,04467	0,648	173,491824	1,111143	0	14,860284	0,254452	83,041724	119,364726	0	0,104194	0	1127,695845	273,118737	129,953762	202,510644	605,583143	189,463251	332,394999
01/08/2012	216,470749	58,818549	0	8,992482	0	1,664814	9,381162	0	349,963936	21,266012	0,506	137,8734	0,767802	0	10,408074	15,47872	63,80355	127,135632	0	0	0	1022,530882	216,470749	78,857007	190,939182	486,266938	149,049276	371,735948
01/09/2012	264,8481336	67,021692	0	14,643848	0	3,329628	25,25814	0	153,911114	64,092332	0,11	191,346462	0,761343	0	13,942236	1,14366	81,421253	75,18801	0	0	0	957,0178516	264,8481336	110,253308	156,609263	531,7107046	206,050041	218,113446
01/10/2012	329,575246	59,725739	0	12,159403	0	1,20348	20,824176	0	141,5144596	55,45766	0	148,763838	3,243663	0	6,71466	3,07968	122,255794	154,2174972	0	3,708	0	1062,443296	329,575246	93,912798	280,1812912	703,6693352	158,722161	196,9721196
01/11/2012	198,6002568	38,810355	0	10,17042	0	0	19,330674	0	73,579396	34,8778	0,0275	141,847404	1,715109	0	10,357914	19,956732	62,473818	181,713593	0	3,708	0	797,1689717	198,6002568	68,311449	247,895411	514,8071167	153,920427	108,484696
01/12/2012	172,543695	30,33008	0	7,268322	0	0	15,774234	0	103,262502	17,971868	0,572	116,547642	0,291159	0	8,553024	12,539892	45,883192	56,710056	0	0,7416	0	588,989266	172,543695	53,372636	103,334848	329,251179	125,391825	121,80637
01/01/2013	265,278668	59,939482	0	15,837972	0	0,209472	20,82795	0	385,2349946	23,03005	0,286	206,354976	1,038423	0	16,72854	2,51498	101,397286	130,425546	0	0	0	1229,10434	265,278668	96,814876	231,822832	593,916376	224,121939	408,5510446
01/02/2013	257,442307	38,67218	0	7,107084	0	0,30087	18,860424	0	174,9447338	33,450806	0,231	178,393104	0,536952	0	14,425608	3,92362	73,631185	159,455994	0	9,366912	0	970,7427798	257,442307	64,940558	242,454091	564,836956	193,355664	208,6265398
01/03/2013	231,652792	77,171881	0	16,1970395	0	0,934326	15,606522	0	81,078002	23,046908	0,1055	184,479564	0,459912	0	15,494406	1,184	93,916314	155,98227	0	4,236286	0	901,5457225	231,652792	109,9097685	254,13487	595,6974305	200,433882	104,23041
01/04/2013	208,511067	62,810841	0	21,04468	12,957696	1,56981	15,72876	0	116,49541	16,302502	0,724	169,924908	0,44340412	1,42275	11,6058	1,45906	86,0617556	113,06022	0	0,563616	0	840,6862797	208,511067	114,111787	199,6855916	522,3084456	181,9741121	133,521912
01/05/2013	285,056249	84,045375	0	23,310144	0	11,308512	40,98372	0	162,509896	47,8025045	1,573	267,593976	1,69938	12,470065	11,909118	0,71418	151,046125	199,152952	0	2,3893	0	1303,564497	285,056249	159,647751	352,588377	797,292377	281,202474	211,8854005
01/06/2013	233,735595	64,337685	0	17,835263	0	1,215384	21,726702	0	213,0934052	45,592662	0,5155	195,773082	0,779196	0	11,01387	2,838	74,658354	178,099116	0	5,41368	0	1066,627494	233,735595	105,115034	258,17115	597,021779	207,566148	259,2015672
01/07/2013	297,4601244	92,973757	0	17,3215855	12,957696	8,283588	32,63118	0	279,47234	48,955044	0,8241	264,811242	4,004244	0	11,78613	2,61044	141,40169	167,471856	0	0,66744	0	1383,632457	297,4601244	164,1678065	309,540986	771,1689169	280,601616	329,251484
01/08/2013	168,844907	44,405615	0	11,93849	0	7,22088	8,460192	0	109,2380215	30,19544	0,1134	135,491676	0,159165	0	11,094468	0,05472	64,49638	52,5120114	0	0	0	644,2253659	168,844907	72,025177	117,0083914	357,8784754	146,745309	139,5468615
01/09/2013	336,281583	71,342584	0	7,850909	0	0,220638	25,650066	0	358,878189	33,423604	0,176	245,099646	0,808563	0	18,13773	1,512636	78,198476	131,666034	0	0	0	1309,246658	336,281583	105,064197	209,86451	651,21029	264,045939	392,477793
01/10/2013	349,9289426	90,06503	0	22,3430915	0	0	23,544576	0	485,424872	64,062516	0	275,18865	0,168846	0	19,08063	1,741	81,284514	210,548962	0	4,11588	0	1627,49751	349,9289426	135,9526975	295,949356	781,8309961	294,438126	549,487388
01/11/2013	325,1676518	67,833284	0	14,7173025	0	1,545552	20,862738	0	407,578198	54,10546	0,011	254,491236	0,544173	0	14,375724	20,648456	64,381652	266,8462566	0	0	0	1513,108684	325,1676518	104,9588765	331,2279086	761,3544369	269,411133	461,694658
01/12/2013	202,203233	35,725416	0	7,563236	0	0,427344	22,926354	0	212,2637575	19,331408	0,0547	184,154298	0,268104	0	11,53773	2,437508	52,581756	109,4648914	0	0	0	860,9397359	202,203233	66,64235	162,0466474	430,8922304	195,960132	231,6498655
01/01/2014	339,548812	74,350408	0	19,16603	0	0,90261	19,810002	0	373,865862	51,839388	0,055	215,605944	1,196694	0	14,344326	1,30674	85,302114	107,704728	0	4,00464	0	1309,003298	339,548812	114,22905	197,011482	650,789344	231,146964	425,76025
01/02/2014	280,7980946	101,471151	0	19,07593	0	0,438756	20,070648	0	178,063889	24,221008	0,1764	251,623896	0,552771	0	7,124274	0,37862	76,059836	136,9668288	0	0	0	1097,022102	280,7980946	141,056485	213,0266648	634,8812444	259,300941	202,461297
01/03/2014	295,779125	80,990225	0	8,317227	0	4,348818	18,099498	0	432,5758932	43,534212	0,5995	238,464906	0,407793	0	8,22564	2,19916	86,833906	164,69163	0	4,87784	0	1389,945373	295,779125	111,755768	256,403376	663,938269	247,098339	476,7096052
01/04/2014	249,020981	112,116227	0	15,84067	0	0	26,105436	0	143,710633	41,580244	0,836	197,924292	0,014766	0	12,47559	1,0214	99,337252	172,8015	0	0,6549	0	1073,439891	249,020981	154,062333	272,793652	675,876966	210,414648	186,126877
01/05/2014	285,224882	118,781559	0	16,552929	0	1,80522	32,144586	0	204,69889	46,543288	0,5335	272,71782	1,831527	0	16,033404	1,74566	91,761113	122,84505	0	0,2183	0	1213,437728	285,224882	169,284294	214,824463	669,333639	290,582751	251,775678
01/06/2014	249,767096	101,770606	0	16,7541645	0	0,320928	24,695778	0	144,8860268	29,392878	0,687	245,773818	0,182553	0	17,470026	1,29374	77,052915	66,220062	0	4,00464	0	980,2722313	249,767096	143,5414765	147,277617	540,5861895	263,426397	174,9659048
01/07/2014	337,932768	116,394013	0	26,0082365	0	0	14,20254	0	297,747629	38,540196	0,1154	257,592264	0,418629	0	16,667364	0,9674	97,166456	122,444856	0,000816	0	0	1326,198568	337,932768	156,6047895	219,612128	714,1496855	274,678257	336,403225
01/08/2014	130,514687	63,622782	0	11,484761	0	0	8,166738	0	94,25315	9,444512	0,132	138,176484	0,522597	0	10,084152	7,7132	30,278397	35,632588	0	0	0	540,026048	130,514687	83,274281	65,910985	279,699953	148,783233	103,829662
01/09/2014	348,706373	75,307859	0	15,327828	14,037504	0	33,05484	0	276,6730901	33,986958	0,0472	290,057718	0,15063	0	10,995126	3,32252	79,611426	116,826198	0,0001632	0	0	1298,105433	348,706373	137,728031	196,4377872	682,8721912	301,203474	310,7072481
01/10/2014	342,636893	78,060209	0	19,977446	2,159616	9,52704	17,79582	0	698,2315689	32,601874	0	258,031056	0,677337	0	14,20557	0,171	77,886351	77,399712	0,0001248	0	0	1629,361618	342,636893	127,520131	155,2861878	625,4432118	272,913963	730,8334429
01/11/2014	288,8929196	111,51189	0	16,1445045	0	0	22,562508	0	464,4599585	26,58222	0,55	243,97104	0,9078	0	14,366298	0,00212	55,78574	75,801726	0	0,01854	0	1321,557265	288,8929196	150,2189025	131,606006	570,7178281	259,245138	491,5921785
01/12/2014	255,9331997	84,68416	0	17,4641055	0	4,71312	13,492968	0	350,143202	40,88606	0,0275	179,04232	0,969405	0	11,173716	0,740544	38,0841612	63,5303836	0	6,00696	0	1066,891805	255,9331997	120,3543535	107,6215048	483,909058	191,185441	391,056762
01/01/2015	258,0137457	107,7453335	0	18,5653015	0	0,536772	22,737036	0	531,1068652	28,108662	0,0165	268,082472	2,380689	0	16,131492	1,86644	58,456991	71,37876	0	0	0	1385,12706	258,0137457	149,584443	129,835751	537,4339397	286,594653	559,2320272
01/02/2015	289,888077	104,195579	0	16,302911	0	9,52704	20,37345	0	262,408961	24,529236	0,3465	221,939304	1,981845	0	14,306406	4,060344	72,342084	98,1185612	0	0	0	1140,320298	289,888077	150,39898	170,4606452	610,7477022	238,227555	287,284697
01/03/2015	308,8362402	113,681232	0	22,595213	2,69952	8,01132	25,145328	0	329,1024385	28,744121	0,4844	328,916962	0,835089	0	14,387448	7,822396	98,769231	152,8012676	0	0	0	1442,832206	308,8362402	172,132613	251,5704986	732,5393518	344,139499	358,3309595
01/04/2015	272,825278	76,490647	0	13,558782	0	3,40986	23,831784	0	281,0221135	52,064944	0,325	268,482988	0,391851	0	17,766042	1,60184	88,228696	202,340525	0	4,048936	0	1306,389287	272,825278	117,291073	294,618157	684,734508	286,640881	333,4120575
01/05/2015	302,161294	133,550957	0	21,331752	0	12,87978	23,957448	0	309,823424	52,406706	0,7878	288,785034	0,829653	0	17,922546	4,12686	89,547869	218,846166	0,000312	2,00232	0	1478,959921	302,161294	191,719937	310,396667	804,277898	307,537233	363,01793
01/06/2015	344,8860145	127,895787	0	21,439167	7,018752	4,72152	24,111912	0	292,010391	33,99124	0,7622	174,292656	2,392761	0	11,630844	6,70348	80,637772	242,0781504	0	0,018972	0	1374,591619	344,8860145	185,187138	322,7348944	852,8080469	188,316261	326,763831
01/07/2015	306,473074	104,366061	0	25,721538	0,10656	10,585074	18,019962	0	176,9935245	19,191774	0,613	272,79395	0,471276	0	9,808878	3,76178	94,51408	179,989644	0	0,004366	0	1223,414542	306,473074	158,799195	274,50809	739,780359	283,074104	196,7982985
01/08/2015	180,870753	53,376426	0	13,904133	0	6,45165	14,830668	0	87,2582275	15,1714	0,463	140,333556	0,300948	0	8,329662	0,106	58,926402	87,691338	0	0	0	668,0141635	180,870753	88,562877	146,61774	416,05137	148,964166	102,8926275
01/09/2015	332,237431	109,781728	0	15,008062	2,514816	11,803572	24,459036	0	218,768952	20,289144	0,242	202,79266	0,431625	0	14,44671	2,3999	115,197006	114,153738	0,0001248	0	0	1184,526505	332,237431	163,567214	229,3508688	725,1555138	217,670995	239,300096
01/10/2015	322,920888	114,405624	0	13,8412195	5,07936	2,36496	30,369732	0	143,2562188	20,859412	0,187	236,975282	1,055745	0	12,125454	2,365228	99,05754	196,949142	0	0	0	1201,812805	322,920888	166,0608955	296,006682	784,9884655	250,156481	164,3026308
01/11/2015	314,20089	138,830206	0	22,07484	4,33344	2,864484	12,709578	0	121,31842	23,82608	0,374	216,800328	4,467576	0	12,317352	0,2428	65,027717	203,896278	0	6,00696	0	1149,290949	314,20089	180,812548	274,930955	769,944393	233,585256	145,5185
01/12/2015	214,97757	105,179814	0	22,980259	0	1,57104	12,261384	0	48,930899	13,42484	2,3895	164,352174	0,270904	0	10,861578	2,978512	69,688644	115,900506	0	0,22248	0	785,990104	214,97757	141,992497	185,81163	542,781697	175,484656	64,745239
01/01/2016	297,092709	125,360335	0	20,19699	0	4,32036	19,64271	0	78,733864	10,3944	0,825	176,633016	2,770263	0	10,304328	2,510244	74,140244	178,508274	0	0	0	1001,432737	297,092709	169,520395	252,648518	719,261622	189,707607	89,953264
01/02/2016	325,592301	151,064711	0	19,457849	7,558656	6,797268	19,644864	0	111,47664	16,47	1,365	209,665044	1,676625	19,305	14,648394	3,64554	80,910119	169,869678	0,0000204	0	0	1159,147709	325,592301	204,523348	250,7798174	780,8954664	225,990063	129,31164
01/03/2016	302,118032	177,330459	0	25,222271	1,619712	13,58064	19,56207	0	290,545024	6,6138	0,2585	231,260508	2,271024	10,5675	12,219972	18,92392	101,009833	217,384926	0	5,196	0	1435,684191	302,118032	237,315152	323,590759	863,023943	245,751504	297,417324
01/04/2016	320,013303	123,322203	0	13,7969125	0	10,15521	29,012658	0	162,3988473	9,9753	0,275	220,399746	1,928358	0,00089	16,248672	4,605928	114,19909	251,953336	0	2,0876161	0	1280,37307	320,013303	176,2869835	368,2400421	864,5403286	238,576776	172,6491473
01/05/2016	432,146345	169,056486	0	24,454219	6,613824	5,79156	22,19598	0	422,404126	16,11555	0,404	183,073272	2,30049	0,85995	15,220026	2,79698	86,459548	321,6243936	0	4,059215	0	1715,575965	432,146345	228,112069	412,1431566	1072,401571	200,593788	438,923676
01/06/2016	313,869213	153,821407	0	28,7486575	0	14,725074	21,112662	0	309,273314	21,2312	0,9246	210,308652	1,591014	0,445	14,981364	11,64096	100,735466	282,7907152	0	0,0111361	0	1486,210435	313,869213	218,4078005	383,5373173	915,8143308	226,88103	331,429114
01/07/2016	389,258596	154,889844	0	25,0520125	11,948928	21,953088	26,95998	0	262,16807	8,1156	0	243,855168	0,675036	0	14,123622	6,170888	96,68827	167,546514	0,000204	0,6598206	0	1430,065641	389,258596	240,8038525	264,8948086	894,9572571	258,653826	270,28367
01/08/2016	243,998615	68,645307	0	8,795472	0	0,69363	16,07517	0	138,3033	7,3663	0,154	173,675664	2,798292	0	8,23752	5,85954	56,522922	172,469556	0	0	0	903,595288	243,998615	94,209579	228,992478	567,200672	184,711476	145,8236
01/09/2016	436,94277	132,304734	0	21,327385	2,614272	6,859326	18,370104	0	145,72105	13,3751	0,42	266,755098	2,02686	14,04	17,431914	6,373644	90,01125	114,480228	0	0	0	1289,053735	436,94277	181,475821	204,491478	822,910069	286,213872	159,51615
01/10/2016	360,27736	111,202404	0	23,655054	2,827392	8,341632	27,021312	0	140,666872	13,8754	0,238	302,150256	8,763765	0	18,081672	3,170712	87,574395	212,762538	0	0	0	1320,608764	360,27736	173,047794	300,336933	833,662087	328,995693	154,780272
01/11/2016	444,6923522	157,784935	0	43,383842	8,09856	0	29,328246	0	164,845026	7,4857	0	313,194476	2,181564	8,7516	19,5784096	27,900116	70,886328	279,772608	0	0	0	1577,883763	444,6923522	238,595583	350,658936	1033,946871	334,9544496	172,330726
01/12/2016	261,505868	114,351415	0	19,935235	0	11,79171	17,148582	0	88,2835515	3,4978	1,146	273,103197	1,974453	0	12,152904	18,84476	62,48062	195,199782	0,0000468	4,00464	0	1085,420564	261,505868	163,226942	261,6850888	686,4178988	287,230554	92,9273515
01/01/2017	606,233674	154,763825	0	22,738264	19,436544	14,54103	39,20157	0	120,974308	12,28675	0,678	443,358066	0,945822	0	26,61396	2,85048	134,170591	314,32452	0,0000612	0	0	1913,117465	606,233674	250,681233	448,4951722	1305,410079	470,917848	133,939058
01/02/2017	352,915691	164,446126	0	21,073394	1,079808	4,507848	39,15285	0	129,772054	7,1982	0,986	312,625344	0,402699	0	17,582478	6,279988	93,40762285	282,2152545	0	0	0	1433,645357	352,915691	230,260026	375,6228774	958,7985944	330,610521	137,956254
01/03/2017	432,436604	217,213425	0	26,990978	0,539904	13,14531	14,279178	0	127,744272	12,6464	0,187	401,999256	2,643204	0	18,878142	7,11316	104,188023	311,067438	0	0	0	1691,072294	432,436604	272,168795	415,255461	1119,86086	423,520602	140,577672
01/04/2017	287,701599	115,47046	0	19,566815	5,39904	7,8552	16,604958	0	114,480186	10,7284	0,4925	293,348364	1,758948	0	11,14233	6,967192	76,409344	382,67097	0	0	0	1350,596306	287,701599	164,896473	459,080314	911,678386	306,249642	125,701086
01/05/2017	459,436308	194,766139	0	25,7958535	0	7,501692	25,56024	0	190,990376	14,8731	1,004	387,550182	2,267178	0	32,671746	15,93688	148,3248296	295,486772	0	1,03824	0	1803,203536	459,436308	253,6239245	444,8498416	1157,910074	422,489106	206,867476
01/06/2017	420,366704	114,32079	0	21,338255	0	3,676392	14,993286	0	149,049342	7,6715	1,137	320,900268	2,65857	0	20,99763	14,53478	129,09843	202,315662	0	0	0	1423,058609	420,366704	154,328723	331,414092	906,109519	344,556468	157,857842
01/07/2017	356,473205	138,617265	0	29,3183635	0	2,994768	16,786644	0	235,226966	9,6198	0,0055	312,448812	1,111794	0	19,309752	1,8636	115,620847	293,65407	0	1,206913	0	1534,2583	356,473205	187,7170405	410,48183	954,6720755	332,870358	244,852266
01/08/2017	239,46315	74,970669	0	13,616265	6,478848	0	7,10799	0	97,636202	4,4035	1,116	181,829292	0,037578	0	14,666988	4,536964	68,942998	164,610552	0	0	0	879,416996	239,46315	102,173772	233,55355	575,190472	196,533858	103,155702
01/09/2017	403,2554356	141,422464	0	23,423438	1,079808	2,47365	28,341864	0	179,070178	8,3054	0,5635	341,394966	2,731908	0	22,288482	2,973792	98,625003	223,020162	0,0000612	0,66744	0	1479,637552	403,2554356	196,741224	322,3126662	922,3093258	366,415356	187,375578
01/10/2017	396,596058	122,264588	0	17,425405	12,957696	8,27367	28,641882	0	236,1540895	13,9811	0,0472	354,545477	0,068676	0	29,80479	22,143816	94,662026	338,97621	0	3,3372	0	1679,879884	396,596058	189,563241	436,975436	1023,134735	384,418943	250,1351895
01/11/2017	404,908103	126,701034	0	33,0929075	12,957696	9,42624	45,064302	0	179,9628025	8,7712	0,044	328,56726	1,796808	0	23,795916	2,29069	103,254923	272,06052	0	2,00232	0	388,378892	404,908103	227,2421795	377,317763	1009,468046	354,159984	188,7340025
01/12/2017	270,610594	93,49772	0	22,192224	0	5,04462	16,240704	0	126,442196	12,4184	0	246,543072	0,737397	12,4488	12,400416	7,315384	72,485116	152,52396	0,0000774	2,00232	0	1052,903	270,610594	136,975268	227,0114734	634,5973354	259,680885	138,860596
01/01/2018	477,469225	133,684373	0	28,412128	6,478848	7,22088	29,119092	0	130,832638	7,337	0,07	387,826806	1,082049	0	25,785444	7,018176	121,36163	172,29318	0	0	0	1535,991469	477,469225	204,915321	293,65481	976,039356	413,61225	138,169638
01/02/2018	365,7088426	126,3696304	0	16,9055966	0	1,80522	16,358838	0	125,466938	4,9089	1,0305	330,214152	0,774381	0	21,29859	19,456172	129,867546	324,371018	0,0000936	0	0	1484,536418	365,7088426	161,439285	454,2386576	981,3867852	352,287123	130,375838
01/03/2018	418,088612	107,649672	0	18,3997335	0	5,30697	20,240172	0	182,712726	9,7424	0,55	256,66128	2,015208	0	17,996544	8,37712	133,247235	239,608956	0	9,8942292	0	1430,490858	418,088612	151,5965475	382,7504202	952,4355797	276,673032	192,455126
01/04/2018	372,7036916	109,766235	0	20,405904	0,539904	12,611772	11,217696	0	213,260232	7,406	0,43	259,993884	1,667655	0	21,00294	5,720168	135,464495	375,388608	0	2,66976	0,020568	1550,269513	372,7036916	154,541511	513,543431	1040,788634	282,664479	220,666232
01/05/2018	426,907471	143,469581	0	19,955514	6,763008	6,20118	28,553928	0	179,639646	9,5729	0,832	361,748238	2,563605	0	21,415872	3,833376	154,971374	321,3377968	0	0,446199	0	1688,211689	426,907471	204,943211	476,7553698	1108,606052	385,727715	189,212546
01/06/2018	501,845413	154,358765	0	32,5622845	15,728256	45,242334	56,282598	0	151,661938	10,787	1,252	335,0481	1,921902	0	35,938224	16,486656	138,496679	206,288766	0	0,06549	0	1703,966406	501,845413	304,1742375	344,850935	1150,870586	372,908226	162,448938
01/07/2018	462,5858176	144,5945058	0	20,7693976	13,227648	10,60452	56,340216	0	248,959423	16,4066	0,194	378,832554	2,093034	0	25,136424	10,944532	103,738903	176,944542	0		0	1671,372117	462,5858176	245,5362874	280,683445	988,80555	406,062012	265,366023
01/08/2018	203,953793	70,227861	0	10,280562	6,478848	13,589496	40,959618	0	102,100249	7,6777	0,15	267,780792	0,161946	0	14,550504	11,03092	35,09964	86,62101	0	2,66976	0	873,332699	203,953793	141,536385	124,39041	469,880588	282,493242	109,777949
01/09/2018	349,716095	101,812432	0	21,669971	0	1,17828	25,09425	0	155,35921	8,9512	0,695	343,476846	3,275343	5,85	19,31925	15,969576	85,702238	188,406912	0	0	0	1326,476603	349,716095	149,754933	274,10915	773,580178	366,071439	164,31041
01/10/2018	417,300644	119,345506	0	20,924231	6,478848	9,42624	67,488312	0	155,815776	17,147	0,65	402,090624	4,701072	0	27,258534	2,22588	93,3619	189,161586	0	0	0	1533,376153	417,300644	223,663137	282,523486	923,487267	434,05023	173,612776
01/11/2018	385,778105	168,3819658	0	9,955071	0	3,40392	43,264296	0	164,0847875	10,5	0,022	372,282912	0,572871	0	22,51401	12,537744	84,085523	98,998716	0	0,07416	0	1376,456081	385,778105	225,0052528	183,158399	793,9417568	395,369793	174,6067875
01/12/2018	271,518498	55,694595	0	17,127761	0,703296	5,49864	52,30707	0	201,537956	5,599	0	189,855222	0,541542	0	16,927734	13,22296	52,40125	89,513274	0	0	0	972,448798	271,518498	131,331362	141,914524	544,764384	207,324498	207,136956
01/01/2019	447,936357	109,949419	0	25,791619	10,79808	0	51,291078	0	207,88059	4,4628	0	337,197396	1,824426	0	28,591566	8,461324	79,235498	175,233354	0	0	0	1488,653507	447,936357	197,830196	254,468852	900,235405	367,613388	212,34339
01/02/2019	361,211684	90,991329	0	21,295089	20,67264	6,100872	39,77064	6,831198	252,777058	1,4733	0,198	318,545796	2,95116	0	21,726402	4,791048	119,752084	166,16952	0	5,9562429	0	1441,214063	361,211684	185,661768	291,8778469	838,7512989	343,223358	254,448358
01/03/2019	394,078915	131,027538	0	21,996914	44,158464	14,85942	35,958444	27,264798	155,263096	4,7051	1,582	325,015188	3,595881	0	27,076506	14,428488	96,2717	254,441532	0	4,0819093	0	1555,805893	394,078915	275,265578	354,7951413	1024,139634	355,687575	161,550196
01/04/2019	384,399909	110,173624	0	21,888828	0,28416	2,500572	45,56136	26,604648	137,725947	4,5937	0,007	272,696712	3,8808	0	17,518848	12,378928	102,386758	214,583556	0	0	0	1357,18535	384,399909	207,013192	316,970314	908,383415	294,09636	142,326647
01/05/2019	463,5902004	135,047959	0	27,880932	8,638464	2,605308	37,309098	30,722094	163,356458	12,7435	0,33	328,673856	1,15785	0	30,838608	2,62572	103,91707	147,688848	0	4,094548	0	1501,220513	463,5902004	242,203855	255,700466	961,4945214	360,670314	176,429958
01/06/2019	372,406394	82,909931	0	23,181133	0,21312	13,380024	43,798836	14,144544	120,392822	8,4864	0	243,685644	7,417827	0	22,978896	13,161056	42,423994	70,097874	0	0	0	1078,678495	372,406394	177,627588	112,521868	662,55585	293,527465	128,879222
01/07/2019	383,096587	103,404642	0	28,2734645	3,239424	12,56832	66,241532	16,405578	141,358628	8,4601	0,055	254,389884	2,012523	0	21,243528	2,979848	103,280277	118,601208	0	0,02183	0	1265,632374	383,096587	230,1329605	221,903315	835,1328625	277,645935	149,873728
01/08/2019	202,223666	44,344644	0	11,519382	0,14208	19,26	24,48078	14,062176	57,828332	10,4755	0	172,845282	0,415824	0	12,85323	0,19868	37,329396	70,270296	0	0	0	678,249268	202,223666	113,809062	107,599692	423,63242	186,114336	68,303832
01/09/2019	345,4	126,5	0	29,6	1,9	0	55	16,3	91,3	7,1	0,7	235,5	0,2	0	24,5	15,5	58,5	105,7	0	0,7	0	1114,4	345,4	229,3	164,2	739,6	260,2	99,1
01/10/2019	408,5	94	0	16	1,7	22,1	48,2	31,3	106,9	2	0	252,4	3,1	0	24,7	6,8	59,9	157	0	0	0	1234,7	408,5	213,3	216,9	838,7	280,2	108,9
01/11/2019	326,743907	114,932038	0	30,61558	13,35552	5,31576	56,693355	6,24849	67,990462	14,4919	0,44	210,778104	5,636466	2,34	13,546296	8,835	56,185122	100,597854	0	0	0	1034,745854	326,743907	227,160743	156,782976	710,687626	229,960866	82,922362
01/12/2019	245,5324575	97,035736	0	10,324368	4,816512	11,27352	29,065596	8,485776	124,693504	2,4382	0	173,275842	0,136362	0	11,513754	27,34304	35,388564	80,331126	0	2,66976	0	864,3241175	245,5324575	161,001508	118,38945	524,9234155	184,925958	127,131704
01/01/2020	450,521824	84,60987	8,160125	20,44057	6,095232	7,61412	50,037606	10,071024	74,892442	5,1031	0,044	252,948816	1,077654	0	26,976342	5,727712	59,443577	248,308086	0	0	0	1312,0721	450,521824	187,028547	307,751663	945,302034	281,002812	79,995542
01/02/2020	376,00893	118,228228	15,7625	17,057449	30,26304	0,8988	51,66765	15,71619	131,722663	3,4113	0	292,816824	3,931851	0	10,1439	3,14984	87,373037	191,06367	0	0	0	1349,215872	376,00893	249,593857	278,436707	904,039494	306,892575	135,133963
01/03/2020	456,4151821	172,0468389	26,59878571	33,25143957	0	26,63382857	53,36435657	48,27034457	212,015276	3,992057143	0	330,2647731	1,919534571	0	33,58402457	2,333257143	78,20491486	312,0576549	0	0	0	1790,952268	456,4151821	360,1655939	390,2625697	1206,843346	365,7683323	216,0073331
